feature_0: 0.026376
feature_1: 0.024516
feature_2: 0.007749
feature_3: 0.027079
feature_4: 0.006941
feature_5: 0.018796
feature_6: 0.014013
feature_7: 0.022305
feature_8: 0.005629
feature_9: 0.007805
feature_10: 0.009711
feature_11: 0.035501
feature_12: 0.029355
feature_13: 0.029712
feature_14: 0.035548
feature_15: 0.020089
feature_16: 0.037651
feature_17: 0.003441
feature_18: 0.002714
feature_19: 0.034351
feature_20: 0.000000
feature_21: 0.003124
feature_22: 0.003510
feature_23: 0.003681
feature_24: 0.004047
feature_25: 0.004973
feature_26: 0.003866
feature_27: 0.004472
feature_28: 0.004224
feature_29: 0.003237
feature_30: 0.003799
feature_31: 0.002229
feature_32: 0.001714
feature_33: 0.004505
feature_34: 0.003373
feature_35: 0.003456
feature_36: 0.002280
feature_37: 0.002250
feature_38: 0.002454
feature_39: 0.002389
feature_40: 0.003285
feature_41: 0.006606
feature_42: 0.000797
feature_43: 0.009095
feature_44: 0.002729
feature_45: 0.000789
feature_46: 0.003583
feature_47: 0.001667
feature_48: 0.000977
feature_49: 0.002004
feature_50: 0.001938
feature_51: 0.001665
feature_52: 0.001182
feature_53: 0.000602
feature_54: 0.000594
feature_55: 0.001869
feature_56: 0.002256
feature_57: 0.048351
feature_58: 0.032223
feature_59: 0.001398
feature_60: 0.003361
feature_61: 0.007145
feature_62: 0.000681
feature_63: 0.001720
feature_64: 0.001023
feature_65: 0.001366
feature_66: 0.001455
feature_67: 0.000914
feature_68: 0.002052
feature_69: 0.002394
feature_70: 0.000810
feature_71: 0.001837
feature_72: 0.002241
feature_73: 0.001840
feature_74: 0.003574
feature_75: 0.003587
feature_76: 0.003128
feature_77: 0.002895
feature_78: 0.002682
feature_79: 0.003419
feature_80: 0.003620
feature_81: 0.001973
feature_82: 0.003168
feature_83: 0.003353
feature_84: 0.002457
feature_85: 0.006305
feature_86: 0.124938
feature_87: 0.056939
feature_88: 0.043182
feature_89: 0.003511
feature_90: 0.004630
feature_91: 0.003118
feature_92: 0.003836
feature_93: 0.005365
feature_94: 0.002833
feature_95: 0.003228
feature_96: 0.004009
feature_97: 0.001408
feature_98: 0.000505
feature_99: 0.007093
feature_100: 0.003210
feature_101: 0.006581
feature_102: 0.005218
feature_103: 0.002830
feature_104: 0.001917
feature_105: 0.002379
feature_106: 0.001522
feature_107: 0.003162
feature_108: 0.001963
feature_109: 0.006696
feature_110: 0.003209
feature_111: 0.005128
feature_112: 0.003828
feature_113: 0.003473
feature_114: 0.004070
feature_115: 0.001284
feature_116: 0.002258
feature_117: 0.002465
feature_118: 0.002300
feature_119: 0.001604
feature_120: 0.001426
feature_121: 0.001522
feature_122: 0.001658
feature_123: 0.001599
feature_124: 0.001690
feature_125: 0.001784
feature_126: 0.001605
feature_127: 0.000861
feature_128: 0.002696